91PORN	72054805
91porn.com	47440000	56.86	26974384
botkoplak.com	15390000	75.66	11644074
mbaudet.cl	3575000	95.65	3419487.5
w24.rocks	3552000	80.06	2843731.2
w30.rocks	3681000	76.34	2810075.4
clarkstock.com	2135000	98.63	2105750.5
davidmcorn.com	2074000	82.64	1713953.6
jonsnow.club	1582000	91.3	1444366
bsurents.com	1630000	85.17	1388271
p16.rocks	1503000	92.29	1387118.7
p04.space	1142000	95.61	1091866.2
pgdotocec.org	982178	98.22	964695.2316
tulanerw.org	970251	98.02	951040.0302
mygameofthrones.space	983866	94.09	925719.5194
t6k.co	875484	91.99	805357.7316
audityourcarrier.com	851292	94.2	801917.064
furryplace.eu	799733	97.7	781339.141
felipeklein.com	779981	97.32	759077.5092
p17.rocks	1174000	63.66	747368.4
contactme.cl	742650	97.55	724455.075
w28.rocks	720202	95.6	688513.112
dxtx-sordera.org	632223	96.99	613193.0877
chbuch.ch	612420	99.77	611011.434
91yazilim.com.tr	545274	96.76	527607.1224
w21.rocks	695865	74.43	517932.3195
workarea2.live	479925	98.48	472630.14
citychatter.com	478144	98.48	470876.2112
w23.rocks	530073	87.07	461534.5611
w03.rocks	471933	97.73	461220.1209
mollo.com.ar	453253	100	453253
91dizhi.rocks	369532	88.55	327220.586
uk.ms	331375	81.9	271396.125
p9p.co	348664	76.03	265089.2392
t9k.space	345421	72.65	250948.3565
p19.rocks	258384	93.95	242751.768
91p09.space	235502	97.99	230768.4098
strongson.com	366824	58.67	215215.6408
workarea1.live	189709	96.73	183505.5157
workarea4.live	163964	97.28	159504.1792
91p26.space	131464	84.14	110613.8096
91dizhi.com	149380	72.13	107747.794
bbcheungchau.com	87166	100	87166
91dizhi.work	54920	66.02	36258.184
w14.rocks	7965	60.27	4800.5055

1024核工厂	53824317
downsx.pw	7697000	87.24	6714862.8
downsx.net	4273000	89.16	3809806.8
downsx.rocks	2892000	91.08	2634033.6
hgcdown.net	2973000	85.97	2555888.1
downsx.club	2388000	84.28	2012606.4
fnmdsbb.club	1962000	91.38	1792875.6
csnjcbnxdnb.xyz	1920000	76.91	1476672
csnjcbnxdnb.rocks	1683000	78.13	1314927.9
1024xp2.rocks	1394000	94.1	1311754
csnmdcjnx.pw	1639000	68.32	1119764.8
csnmdcjnx.xyz	1462000	76.41	1117114.2
1024mzs.pw	1249000	87.3	1090377
downmz.rocks	1221000	87.62	1069840.2
csnjcbnxdnb.pw	1321000	73.72	973841.2
downmn.pw	1123000	86.65	973079.5
downmn.xyz	1108000	86.92	963073.6
1024mzs.net	1110000	86.69	962259
downmn.rocks	1103000	86.91	958617.3
downmz.pw	1088000	87.55	952544
downmz.com	1070000	87.17	932719
downmm.com	1028000	86.37	887883.6
cnmbtgf.info	1011000	87.68	886444.8
1024mzs.rocks	1000000	86.63	866300
97xzjpzz.club	962899	84.33	812012.7267
wkcsncjdbd.top	805039	96.03	773078.9517
xp1024.com	699071	96.03	671317.8813
csgfnmdb.rocks	835359	78.31	654169.6329
h9e4924effb.xyz	575254	89.54	515082.4316
cnjdbb.xyz	562319	85.38	480107.9622
jbzcjsj.rocks	604746	78.25	473213.745
ggxzp.com	510048	90.91	463684.6368
5y1rsxmzh.org	508505	87.07	442755.3035
5y1rsxmzh.xyz	450287	93.84	422549.3208
ac7bd9be791.rocks	484250	87.14	421975.45
sjlxmwpb79.rocks	405715	94	381372.1
ac7bd9be791.xyz	404902	93.29	377733.0758
9xhgchpz.info	421270	87.94	370464.838
5y1rsxmzh.rocks	364761	95.16	347106.5676
ac7bd9be791.pw	353316	89.84	317419.0944
e6ad19eg3c2.xyz	335370	90.46	303375.702
1024xp3.com	355085	84.47	299940.2995
csjbzcjnr.xyz	347396	85.36	296537.2256
zbwymdcjsgg.pw	329961	83.99	277134.2439
wcnnedrb.xyz	284484	93	264570.12
rce21y3trhr.rocks	303484	86.07	261208.6788
ceea3a8ea1f.pw	282085	90.66	255738.261
ceea3a8ea1f.xyz	266644	92.25	245979.09
b96dure93e9.pw	256724	94.27	242013.7148
5y1rsxmzh.pw	275572	87.63	241483.7436
97xzjpzz.top	275167	86.23	237276.5041
zbwymdcjsgg.xyz	246255	92.57	227958.2535
ef7d6a2b557.rocks	248985	89.55	222966.0675
1024xp2.com	237097	90.46	214477.9462
b96dure93e9.xyz	214096	90.41	193564.1936
5y1rsxmzh.net	192690	100	192690
97xzjpzz.info	231547	82.3	190563.181
zxhgqgp.xyz	201786	92.84	187338.1224
b96dure93e9.rocks	206950	89.19	184578.705
bc568590266.xyz	206725	88.51	182972.2975
9xhgchpz.club	205027	87.16	178701.5332
wkcsncjdbd.club	186310	93.96	175056.876
rce21y3trhr.pw	245852	69.52	170916.3104
zbwymdcjsgg.rocks	181768	91.74	166753.9632
qcyghfzh.pw	166724	91.09	151868.8916
dzxe.me	156782	92.19	144537.3258
91jinwandalaohu.pw	141400	95.94	135659.16
rce21y3trhr.xyz	146942	89.71	131821.6682
ceea3a8ea1f.rocks	137791	92.42	127346.4422
sdccbly.pw	166306	75.95	126309.407
91rsxmza.org	155726	80.22	124923.3972
zxhgqgp.info	147097	83.83	123311.4151
cnmbtgf.com	162053	75.88	122965.8164
e6ad19eg3c2.rocks	142397	85.31	121478.8807
qcyghfzh.rocks	128890	93.17	120086.813
qcyghfzh.xyz	117768	92.5	108935.4
1024xp1.pw	107184	96.56	103496.8704
dzxa.me	104294	96.62	100768.8628
ef7d6a2b557.pw	111694	89.8	100301.212
csjbzcjnr.rocks	117257	84.05	98554.5085
ef7d6a2b557.xyz	106693	84.08	89707.4744
577gc.com	85986	98.72	84885.3792
1024hgc.com	107562	74.55	80187.471
pix378.pw	77819	97.09	75554.4671
91rsxmza.net	77828	94.73	73726.4644
a6def2ef910.pw	70010	92.14	64507.214
fwymdscj.pw	88352	71.95	63569.264
wkcsncjdbd.xyz	66830	95	63488.5
wcnnedrb.top	62265	95.81	59656.0965
sdccbly.xyz	59711	95.89	57256.8779
91sgc.rocks	117386	42.6	50006.436
91rsxmza.club	54612	82.25	44918.37
1024hegongchang.org	48765	91.95	44839.4175
stv919.rocks	33841	100	33841
nat789.biz	37851	82.47	31215.7197
99oi.mobi	69958	42.69	29865.0702
uk1024.net	26290	91.99	24184.171
cnmbtgf.pw	24712	92.4	22833.888
c2048ao.pw	20292	99.7	20231.124
91rsxmza.pw	18157	96.72	17561.4504
afulyu.rocks	18799	89.65	16853.3035
917rbb.org	17327	83.99	14552.9473
luj8le.pw	14472	94.11	13619.5992
hebt1024.com	13653	95.66	13060.4598
1024mx.bid	11451	98.15	11239.1565
skswk9.com	10610	86.04	9128.844
2048xd.org	10966	73.64	8075.3624
99oi.com	7871	96.09	7563.2439
1024hegongchang.com	8074	92.67	7482.1758
1024hegongchang.info	7072	90.99	6434.8128
vtx9c.net	6593	85.75	5653.4975
clsmik.com	5264	97.58	5136.6112
yakexi1024.com	6912	64.82	4480.3584
xp1024.club	5095	86.94	4429.593
97ro.org	5609	72.06	4041.8454
uptorrentfilespacedownhostabc.space	8561	35.5	3039.155

草榴社區	52953002
t66y.com	41800000	62.64	26183520
viidii.info	15890000	80.34	12766026
rmdown.com	5003000	77.38	3871321.4
etet.men	3354000	91.18	3058177.2
flexui.win	2126000	96.72	2056267.2
xn--5uw.ml	2026000	97.4	1973324
g4z.xyz	2062000	91.92	1895390.4
wpio.xyz	636218	94.7	602498.446
caoliu2066.com	296691	95.59	283606.9269
7e4.site	265982	98.83	262870.0106

Pornhub	52752000
pornhub.com	3360000000	1.57	52752000

JavBus	35161007
javbus.com	13870000	39.5	5478650
dmmbus.co	3839000	97.57	3745712.3
busjav.men	3429000	94.56	3242462.4
seedmm.net	2938000	95.94	2818717.2
busjav.us	2560000	96.83	2478848
xwb2uooia5o59avwxb.com	2549000	94.46	2407785.4
dmmbus.bid	2521000	92.87	2341252.7
dmmsee.men	2257000	95.16	2147761.2
busdmm.net	1928000	92.66	1786484.8
javbus.zone	1937000	90.16	1746399.2
javbus.life	1489000	97.59	1453115.1
dmmbus.men	1193000	94.73	1130128.9
seedmm.co	1005000	93.41	938770.5
javbus.pw	1534000	58.09	891100.6
seedmm.life	895033	97.86	875879.2938
javcdn.pw	428880	89.4	383418.72
javbus.cc	453893	74.87	339829.6891
buscdn.life	334425	96.48	322653.24
busjav.life	264842	91.71	242886.5982
javbus.co	249087	60.24	150050.0088
javbus.org	427239	22.56	96385.1184
busjav.net	259975	24.84	64577.79
javbus.xyz	68462	91.46	62615.3452
dmmbus.com	19122	81.18	15523.2396

XVIDEOS	28690253
xvideos.com	3191000000	0.88	28080800
cbtownship.com	726664	83.87	609453.0968

2048核基地	19723279
2048files.net	3130000	72.1	2256730
bs2048ts.co	2654000	75.94	2015447.6
2048tvbs.com	1616000	93.77	1515323.2
2048tsc.net	2159000	58.07	1253731.3
xzt2048.biz	1101000	90.04	991340.4
yuey2048.net	946300	89.99	851575.37
sdy2048.net	1043000	58.71	612345.3
hews2048.net	602807	87.03	524622.9321
bingde2048.biz	541231	92.99	503290.7069
meme2048.com	772776	64.82	500913.4032
xnj2048.net	769523	64.06	492956.4338
bill2048.net	476124	93.86	446889.9864
fcblt2048.com	511108	84.47	431732.9276
xls2048.info	567259	73.78	418523.6902
2048hdj.biz	589282	58.35	343846.047
88files.net	1345000	25.37	341226.5
2048mowa.com	525007	62.8	329704.396
qplj2048.net	322192	94.71	305148.0432
caoc2048.net	476482	63.16	300946.0312
he2048.com	629608	42.98	270605.5184
tw2048.biz	272217	96.46	262580.5182
junzl2048.com	261709	100	261709
2048sata.net	387375	63.38	245518.275
qdk2048.net	263612	91.62	241521.3144
xcfs2048.com	266809	89.39	238500.5651
niao2048.biz	356574	63.72	227208.9528
kill2048.biz	238361	90.32	215287.6552
disl2048.biz	327140	62.81	205476.634
pass2048.biz	291523	67.15	195757.6945
sysy2048.net	219500	89.04	195442.8
feifr2048.net	205424	86.75	178205.32
que2048.net	376705	46.31	174452.0855
2048lt.biz	252529	58.78	148436.5462
dds2048.net	217872	65.77	143294.4144
caomu2048.com	252836	53.01	134028.3636
yfrn2048.biz	134401	98.47	132344.6647
2048lt.org	288916	45.27	130792.2732
xr2048.biz	152171	80.56	122588.9576
2048xxx.com	188655	59.13	111551.7015
look2048.net	126817	83.82	106298.0094
slsl2048.biz	99181	100	99181
xifw2048.net	106796	89.31	95379.5076
cjyk2048.biz	96364	78.88	76011.9232
kthjd1024.net	70965	100	70965
bbsk2048.biz	111778	63.39	70856.0742
ljkgfhd.xyz	68161	100	68161
ccd2048.net	77548	86.94	67420.2312
hd1024.xyz	75571	88.6	66955.906
kt2048.net	88686	68.58	60820.8588
fswy2048.net	70149	79.08	55473.8292
sdc2048.biz	139406	36.75	51231.705
cccc555.net	53972	80.79	43603.9788
pornbbs2048.com	100174	42.86	42934.5764
bhye1024.biz	46189	84.42	38992.7538
geba2048.biz	52406	71.2	37313.072
ljkgfhd.today	41047	88.72	36416.8984
mua2048.com	42420	85.39	36222.438
sk2048.info	39790	90.32	35938.328
dfxz2048.net	62871	56.39	35452.9569
cccc111.net	39453	68.93	27194.9529
app2048.biz	44058	60.11	26483.2638
jjfs2048.net	50588	44.64	22582.4832
xiaav2019.net	22640	98.63	22329.832
werw.today	22935	91.65	21019.9275
cbcd2048.biz	20361	100	20361
chdh2048.net	20180	94.06	18981.308
big1024.org	28850	61.62	17777.37
free2048.biz	45855	37.69	17282.7495
8j2048.com	16800	99.41	16700.88
lujn.co	16132	95.85	15462.522
msj2048.net	15567	79.94	12444.2598
popo2048.net	7743	84.16	6516.5088
lt2048.net	6591	95.11	6268.7001
awzc2048.net	5190	89.51	4645.569

AVMOO AVSOX AVMEMO	17512056
javzoo.com	11160000	70.7	7890120
tellme.pw	4959000	67.23	3333935.7
avmoo.asia	4720000	69.73	3291256
avme.pw	1861000	81.95	1525089.5
avsox.asia	828040	80.62	667565.848
avxo.club	423287	57.18	242035.5066
avmoo.com	349315	89.55	312811.5825
avmemo.asia	321893	77.43	249241.7499

JavLibrary	16652224
javlibrary.com	24430000	17.34	4236162
q30x.com	4576000	88.98	4071724.8
a31g.com	4601000	85.02	3911770.2
c32r.com	2294000	81.75	1875345
d28k.com	1496000	95.18	1423892.8
javlibrarycn.com	440313	97.78	430538.0514
t33r.com	441208	87.76	387204.1408
javlib.com	398429	64.27	256070.3183
u29k.com	67787	87.8	59516.986

AVHD101	16379623
aa101.cool	2440000	95.23	2323612
aa101.biz	2305000	97.1	2238155
aa101.city	2304000	95.54	2201241.6
av101.biz	2212000	95.33	2108699.6
aw101.biz	1969000	94.77	1866021.3
aa101.work	1812000	96	1739520
av101.co 	1599000	96.4	1541436
avhd101.com	4463000	21.9	977397
sunwawa.info	350999	97.29	341486.9271
aw101.info	183666	98.74	181351.8084
mofangnews.com	180968	98.66	178543.0288
av101.life	178151	99.61	177456.2111
av101.city	117193	99.8	116958.614
aq101.xyz	117077	99.47	116456.4919
aq101.xyz	117077	99.47	116456.4919
s101.run	96859	81.74	79172.5466
av101.one	77187	98.02	75658.6974

色花堂	13493245
sehuatang.org	7780000	62	4823600
sht1236.me	5176000	85.84	4443078.4
sehuatang.net	2110000	59.05	1245955
dsndsht23.com	1282000	85.7	1098674
22sht.me	590585	89.36	527746.756
sht88.me	479363	97.31	466468.1353
sehuatuchuang.com	1072000	82.81	887723.2

琉璃神社	9036087
llss.pl	5411000	92.21	4989483.1
liuli.in	4131000	77.24	3190784.4
llss.city	578695	91.84	531473.488
hacg.me	242920	78.45	190570.74
llss.pw	52635	85.94	45234.519
acg.gy	44565	94.19	41975.7735
llss.be	41544	97.93	40684.0392
hacg.lol	7337	80.15	5880.6055

桃花族论坛	8685491
thzdz.us	2932000	87.73	2572243.6
thz4.net	3431000	73.36	2516981.6
thz5.net	2022000	75.68	1530249.6
thle.org	974075	87.52	852510.44
thz8.cc	1070000	67.57	722999
thztv1.com	270865	89.65	242830.4725
taohuazu.cc	86870	96.73	84029.351
taohuagongshe.com	86119	92.2	79401.718
thzbt.us	47148	99.22	46780.2456
thz8.cc	37256	83.91	31261.5096
thz9.net	12430	49.91	6203.813

幻想次元	8656213
acg18.us	6749000	82.97	5599645.3
acg18.life	1047000	90.45	947011.5
acgft.club	948339	94.66	897697.6974
guaiguaizhanhao.com	1123000	75.92	852581.6
acg18.world	513766	69.93	359276.5638

喵绅士	7424620
hcomic.in	3758000	78.3	2942514
hcomic1.com	2843000	58.69	1668556.7
hcomic2.com	1333000	91.38	1218095.4
acgfan.me	453558	91.37	414415.9446
hcomic.rocks	437433	94	411187.02
hmghmg.xyz	408580	81.46	332829.268
hcomicurl.xyz	228930	90.93	208166.049
hmanga1.xyz	115564	95.47	110328.9508
hmanga2.xyz	84463	76.75	64825.3525
hmanga4.xyz	63148	85.04	53701.0592

魔性论坛	6610265
moxing.cloud	7822000	77.86	6090209.2
moxing.best	639255	74.16	474071.508
moxing.world	37088	81.08	30070.9504
moxing.zone	16870	94.33	15913.471

翻墙撸	6598262
fanqianglu.com	11770000	56.06

南+ South Plus 北+ North Plus Lv+ Level Plus	6124580
south-plus.net	4750000	70.83	3364425
white-plus.net	1394000	87.36	1217798.4
level-plus.net	1054000	90.7	955978
south-plus.org	444662	86.68	385433.0216
imoutolove.me	224220	89.62	200945.964

E-Hentai ExHentai	5998046
exhentai.org	40160000	11.08	4449728
e-hentai.org	37050000	3.65	1352325
ehtracker.org	661693	29.62	195993.4666

FANZA	5683200
dmm.co.jp	222000000	2.56	5683200

司机会所	5756892
xiuxiqu.wtf	3875000	83.58	3238725
zuixindizhi.org	1315000	86.41	1136291.5
xiuxiqu.net	979752	86.17	844252.2984
sjhs.pw	400265	84.77	339304.6405
xiuxiqu.info	137688	73.89	101737.6632
xiuxiqu.top	106601	90.6	96580.506

比思論壇	4975942
bi-si7.xyz	2471000	91.38	2257999.8
bi-si2.xyz	1430000	95.14	1360502
bi-si1.xyz	734654	84.65	621884.611
bi-si9.xyz	285077	96.33	274614.6741
hk-pic5.xyz	458485	45.58	208977.463
hkbbcc.xyz	146872	64.53	94776.5016
hk-pic2.xyz	152893	56.41	86246.9413
bi-si9.xyz	72314	98.1	70940.034

Avgle	4463261
avgle.com	70000000	6.21	4347000
avgle.io	1055000	11.02	116261

情色网站大全	4097704
qingse.one	16120000	25.42	4097704

第一会所	4048183
sis001.com	6740000	59.98	4042652
1huisuo.com	12952	42.7	5530.504

成人网站大全	3395995
whichav.video	16210000	20.95	3395995

紳士漫畫	3234916
wnacg.org	13500000	17.06	2303100
wnacg.com	5427000	17.17	931815.9

SexInSex	3134442
sexinsex.net	4948000	61.92	3063801.6
a1a1a1.live	72668	97.21	70640.5628

紳士の庭	3111940
gmgard.com	3187000	80.18	2555336.6
hggard.com	571637	97.37	556602.9469

Netflav	2844990
netflav.com	11070000	25.7	2844990

DLsite	2830254
dlsite.com	59710000	4.74	2830254

國模網	2813112
guomoo.biz	4716000	49.52	2335363.2
guomoo.bid	490042	95.13	466176.9546
guomoo.pw	14583	79.35	11571.6105

萌幻之乡	2773534
huan.moe	2900000	81.24	2355960
moehuan.club	333629	89.9	299932.471
huanmoe.moe	134141	87.7	117641.657

富二代国产	2638275
f2dmb.me	3218000	79.51	2558631.8
fedce.com	57888	84.86	49123.7568
f2ddi.com	23447	86.42	20262.8974
ffvan.com	11401	89.96	10256.3396

AV草	2551148
avcao.cc	9095000	28.05	2551147.5

番号鸽	2231479
javdove.com	8088000	27.59	2231479.2

whichAV	2223058
thisav.video	12970000	17.14	2223058

绅士仓库	2173856
cangku.moe	2514000	86.47	2173855.8

自拍核工厂	2140609
koxzp.com	1225000	92.33	1131042.5
ggxzp.com	510048	90.91	463684.6368
otxzp.com	372265	100	372265
bgxzp.com	153106	81.34	124536.4204
ixxzp.com	33471	98.77	33059.3067
nbxzp.com	12208	91.83	11210.6064
wexzp.com	5117	94.01	4810.4917

次元客	2083147
acgke.com	2254000	92.42	2083146.8

性吧	2040201
sex8.cc	3895000	52.38	2040201

JAV MOST	2007432
javmost.com	35280000	5.69	2007432

灵梦御所	1965083
reimu.net	2367000	83.02	1965083.4

JAV321	1973249
jav321.com	13270000	14.87	1973249

绯月Galgame	1916990
9moe.com	1514000	91.11	1379405.4
2dkf.com	535246	61.7	330246.782
kfgal.com	225735	91.85	207337.5975

爱弹幕	1881451
idanmu.at	2020000	88.42	1786084
acgurl.net	104078	91.63	95366.6714

SEX169	1880557
888cay.com	1484000	43.04	638713.6
777kor.com	1110000	55.55	616605
999poy.com	353429	93.32	329819.9428
a7s7.weebly.com	150962	80.42	121403.6404
azsxdc99.com	113031	80.77	91295.1387
sex169.org	98825	80.9	79949.425
qwe22.com	5385	51.45	2770.5825

Sukebei	1849458
sukebei.nyaa.si	34060000	5.43	1849458

Iwara	1786400
iwara.tv	16240000	11	1786400

捷克論壇	1774864
jkforum.net	20930000	8.48	1774864
